id,starts,ends,duration,session_id,trial_id,t0,prod_onset_t0,prod_onset,prod_offset,stim_onset,stim_offset,prod_offset_t0,stim_onset_t0,stim_offset_t0
1,45495.3960296352,45508.9079398087,13.5119101734963,1,1,45501.3960296352,0,45501.3960296352,45502.9079398087,NaN,NaN,1.51191017349629,NaN,NaN
2,45502.0356232542,45515.4648545119,13.4292312576945,1,2,45508.0356232542,0,45508.0356232542,45509.4648545119,NaN,NaN,1.42923125769448,NaN,NaN
3,45508.4485732935,45522.0211326717,13.5725593782045,1,3,45514.4485732935,0,45514.4485732935,45516.0211326717,NaN,NaN,1.57255937820446,NaN,NaN
4,45514.9356677629,45528.3861287423,13.4504609794021,1,4,45520.9356677629,0,45520.9356677629,45522.3861287423,NaN,NaN,1.45046097940212,NaN,NaN
5,45521.8274666952,45535.2216984118,13.3942317166002,1,5,45527.8274666952,0,45527.8274666952,45529.2216984118,NaN,NaN,1.39423171660019,NaN,NaN
6,45529.7515524349,45543.4275404568,13.6759880219033,1,6,45535.7515524349,0,45535.7515524349,45537.4275404568,NaN,NaN,1.67598802190332,NaN,NaN
7,45535.2055512568,45548.6210826942,13.4155314374002,1,7,45541.2055512568,0,45541.2055512568,45542.6210826942,NaN,NaN,1.4155314374002,NaN,NaN
8,45541.0756103696,45554.526521343,13.4509109734063,1,8,45547.0756103696,0,45547.0756103696,45548.526521343,NaN,NaN,1.45091097340628,NaN,NaN
9,45546.7188690084,45560.3965970075,13.6777279991002,1,9,45552.7188690084,0,45552.7188690084,45554.3965970075,NaN,NaN,1.67772799910017,NaN,NaN
10,45552.4924299613,45565.9510508336,13.4586208723049,1,10,45558.4924299613,0,45558.4924299613,45559.9510508336,NaN,NaN,1.45862087230489,NaN,NaN
11,45557.721618283,45571.2105287581,13.4889104750982,1,11,45563.721618283,0,45563.721618283,45565.2105287581,NaN,NaN,1.48891047509824,NaN,NaN
12,45563.0161303457,45576.6530888794,13.6369585337015,1,12,45569.0161303457,0,45569.0161303457,45570.6530888794,NaN,NaN,1.63695853370155,NaN,NaN
13,45568.6656983271,45582.188558357,13.5228600298942,1,13,45574.6656983271,0,45574.6656983271,45576.188558357,NaN,NaN,1.52286002989422,NaN,NaN
14,45574.194229045,45587.710449162,13.5162201169951,1,14,45580.194229045,0,45580.194229045,45581.710449162,NaN,NaN,1.5162201169951,NaN,NaN
15,45579.4435599761,45593.068378669,13.6248186929006,1,15,45585.4435599761,0,45585.4435599761,45587.068378669,NaN,NaN,1.62481869290059,NaN,NaN
16,45584.8392707117,45598.4788392112,13.6395684995005,1,16,45590.8392707117,0,45590.8392707117,45592.4788392112,NaN,NaN,1.63956849950046,NaN,NaN
17,45590.6918054568,45604.3163941527,13.6245886959005,1,17,45596.6918054568,0,45596.6918054568,45598.3163941527,NaN,NaN,1.62458869590046,NaN,NaN
18,45595.9664295044,45609.3685911171,13.4021616126993,1,18,45601.9664295044,0,45601.9664295044,45603.3685911171,NaN,NaN,1.40216161269927,NaN,NaN
19,45601.4009374324,45614.8321086647,13.431171232296,1,19,45607.4009374324,0,45607.4009374324,45608.8321086647,NaN,NaN,1.43117123229604,NaN,NaN
20,45607.1563368994,45620.7034266115,13.5470897120977,1,20,45613.1563368994,0,45613.1563368994,45614.7034266115,NaN,NaN,1.54708971209766,NaN,NaN
21,45613.7397970015,45627.3015465214,13.5617495198967,1,21,45619.7397970015,0,45619.7397970015,45621.3015465214,NaN,NaN,1.56174951989669,NaN,NaN
22,45619.9640437685,45633.383225158,13.4191813895013,1,22,45625.9640437685,0,45625.9640437685,45627.383225158,NaN,NaN,1.41918138950132,NaN,NaN
23,45625.2468936853,45638.5965459866,13.3496523013018,1,23,45631.2468936853,0,45631.2468936853,45632.5965459866,NaN,NaN,1.34965230130183,NaN,NaN
24,45630.7637834065,45644.1609150852,13.3971316786992,1,24,45636.7637834065,0,45636.7637834065,45638.1609150852,NaN,NaN,1.39713167869922,NaN,NaN
25,45636.3316841829,45649.7527155482,13.421031365302,1,25,45642.3316841829,0,45642.3316841829,45643.7527155482,NaN,NaN,1.42103136530204,NaN,NaN
26,45641.9721222839,45655.5432816804,13.5711593965025,1,26,45647.9721222839,0,45647.9721222839,45649.5432816804,NaN,NaN,1.57115939650248,NaN,NaN
27,45647.548844094,45661.0506044006,13.5017603066008,1,27,45653.548844094,0,45653.548844094,45655.0506044006,NaN,NaN,1.50176030660077,NaN,NaN
28,45652.8667229768,45666.2658146298,13.3990916529947,1,28,45658.8667229768,0,45658.8667229768,45660.2658146298,NaN,NaN,1.39909165299468,NaN,NaN
29,45658.423011032,45671.8854618541,13.4624508221023,1,29,45664.423011032,0,45664.423011032,45665.8854618541,NaN,NaN,1.46245082210226,NaN,NaN
30,45664.1426709677,45677.6759808606,13.5333098928968,1,30,45670.1426709677,0,45670.1426709677,45671.6759808606,NaN,NaN,1.5333098928968,NaN,NaN
31,45669.7881418762,45683.3785010209,13.5903591447059,1,31,45675.7881418762,0,45675.7881418762,45677.3785010209,NaN,NaN,1.59035914470587,NaN,NaN
32,45675.0394427814,45688.4758339452,13.4363911637993,1,32,45681.0394427814,0,45681.0394427814,45682.4758339452,NaN,NaN,1.43639116379927,NaN,NaN
33,45680.602591896,45694.2556002192,13.6530083231992,1,33,45686.602591896,0,45686.602591896,45688.2556002192,NaN,NaN,1.65300832319917,NaN,NaN
34,45686.2712236503,45699.7233446079,13.4521209575978,1,34,45692.2712236503,0,45692.2712236503,45693.7233446079,NaN,NaN,1.4521209575978,NaN,NaN
35,45691.9882907465,45705.4785112044,13.4902204578975,1,35,45697.9882907465,0,45697.9882907465,45699.4785112044,NaN,NaN,1.49022045789752,NaN,NaN
36,45697.2070826527,45710.6974531087,13.4903704560056,1,36,45703.2070826527,0,45703.2070826527,45704.6974531087,NaN,NaN,1.49037045600562,NaN,NaN
37,45702.4725216485,45715.9467523161,13.474230667598,1,37,45708.4725216485,0,45708.4725216485,45709.9467523161,NaN,NaN,1.47423066759802,NaN,NaN
38,45707.701793992,45721.1328052264,13.4310112344028,1,38,45713.701793992,0,45713.701793992,45715.1328052264,NaN,NaN,1.43101123440283,NaN,NaN
39,45713.1025735118,45726.5506445224,13.4480710106,1,39,45719.1025735118,0,45719.1025735118,45720.5506445224,NaN,NaN,1.44807101059996,NaN,NaN
40,45718.883272647,45732.27626438,13.3929917330024,1,40,45724.883272647,0,45724.883272647,45726.27626438,NaN,NaN,1.39299173300242,NaN,NaN
41,45726.1849073541,45739.6529481029,13.4680407487976,1,41,45732.1849073541,0,45732.1849073541,45733.6529481029,NaN,NaN,1.46804074879765,NaN,NaN
42,45734.6981816893,45748.0174043896,13.3192227002946,1,42,45740.6981816893,0,45740.6981816893,45742.0174043896,NaN,NaN,1.31922270029463,NaN,NaN
43,45740.5862917147,45754.1245615425,13.5382698277972,1,43,45746.5862917147,0,45746.5862917147,45748.1245615425,NaN,NaN,1.53826982779719,NaN,NaN
44,45745.9491923059,45759.4165130641,13.4673207581945,1,44,45751.9491923059,0,45751.9491923059,45753.4165130641,NaN,NaN,1.46732075819455,NaN,NaN
45,45751.6483396371,45765.2908780976,13.6425384605027,1,45,45757.6483396371,0,45757.6483396371,45759.2908780976,NaN,NaN,1.64253846050269,NaN,NaN
46,45757.2397024046,45770.6211242893,13.3814218846965,1,46,45763.2397024046,0,45763.2397024046,45764.6211242893,NaN,NaN,1.38142188469646,NaN,NaN
47,45763.0132616334,45776.5029420984,13.4896804649979,1,47,45769.0132616334,0,45769.0132616334,45770.5029420984,NaN,NaN,1.48968046499795,NaN,NaN
48,45768.8031406483,45782.2177620976,13.4146214493012,1,48,45774.8031406483,0,45774.8031406483,45776.2177620976,NaN,NaN,1.41462144930119,NaN,NaN
49,45774.4576985642,45787.9012296344,13.4435310702029,1,49,45780.4576985642,0,45780.4576985642,45781.9012296344,NaN,NaN,1.44353107020288,NaN,NaN
50,45779.5653696288,45793.2024281612,13.6370585324039,1,50,45785.5653696288,0,45785.5653696288,45787.2024281612,NaN,NaN,1.6370585324039,NaN,NaN
51,45785.183588596,45798.5948100899,13.4112214938941,1,51,45791.183588596,0,45791.183588596,45792.5948100899,NaN,NaN,1.41122149389412,NaN,NaN
52,45790.3009224074,45803.81366257,13.5127401626014,1,52,45796.3009224074,0,45796.3009224074,45797.81366257,NaN,NaN,1.5127401626014,NaN,NaN
53,45795.7016707782,45809.1156822355,13.4140114572947,1,53,45801.7016707782,0,45801.7016707782,45803.1156822355,NaN,NaN,1.41401145729469,NaN,NaN
54,45801.3739001865,45814.6728831522,13.2989829656944,1,54,45807.3739001865,0,45807.3739001865,45808.6728831522,NaN,NaN,1.29898296569445,NaN,NaN
55,45806.6822491942,45820.1957893463,13.5135401520965,1,55,45812.6822491942,0,45812.6822491942,45814.1957893463,NaN,NaN,1.51354015209654,NaN,NaN
56,45812.8629282565,45826.4440975218,13.5811692653006,1,56,45818.8629282565,0,45818.8629282565,45820.4440975218,NaN,NaN,1.58116926530056,NaN,NaN
57,45818.7624481324,45832.1735596277,13.4111114952975,1,57,45824.7624481324,0,45824.7624481324,45826.1735596277,NaN,NaN,1.41111149529752,NaN,NaN
58,45824.7546685167,45838.2028495259,13.4481810091966,1,58,45830.7546685167,0,45830.7546685167,45832.2028495259,NaN,NaN,1.44818100919656,NaN,NaN
59,45829.8429175372,45843.1874099062,13.3444923689967,1,59,45835.8429175372,0,45835.8429175372,45837.1874099062,NaN,NaN,1.34449236899673,NaN,NaN
60,45834.9962585777,45848.5062187767,13.5099601990005,1,60,45840.9962585777,0,45840.9962585777,45842.5062187767,NaN,NaN,1.50996019900049,NaN,NaN
61,46148.9319720067,46162.3258408751,13.3938688683993,2,1,46154.9319720067,0,46154.9319720067,46156.3258408751,NaN,NaN,1.3938688683993,NaN,NaN
62,46154.3229406921,46167.7566589563,13.4337182641975,2,2,46160.3229406921,0,46160.3229406921,46161.7566589563,NaN,NaN,1.43371826419752,NaN,NaN
63,46160.6364954643,46174.1769621102,13.5404666458999,2,3,46166.6364954643,0,46166.6364954643,46168.1769621102,NaN,NaN,1.54046664589987,NaN,NaN
64,46165.8033575396,46179.3081847258,13.5048271862033,2,4,46171.8033575396,0,46171.8033575396,46173.3081847258,NaN,NaN,1.50482718620333,NaN,NaN
65,46171.7774173928,46185.268594786,13.4911773932035,2,5,46177.7774173928,0,46177.7774173928,46179.268594786,NaN,NaN,1.49117739320354,NaN,NaN
66,46176.8702105948,46190.5300154314,13.6598048365995,2,6,46182.8702105948,0,46182.8702105948,46184.5300154314,NaN,NaN,1.65980483659951,NaN,NaN
67,46182.4691661232,46195.9518336453,13.4826675220975,2,7,46188.4691661232,0,46188.4691661232,46189.9518336453,NaN,NaN,1.48266752209747,NaN,NaN
68,46187.8728946267,46201.2974530298,13.4245584031014,2,8,46193.8728946267,0,46193.8728946267,46195.2974530298,NaN,NaN,1.4245584031014,NaN,NaN
69,46193.2262638667,46206.685371746,13.4591078793019,2,9,46199.2262638667,0,46199.2262638667,46200.685371746,NaN,NaN,1.45910787930188,NaN,NaN
70,46198.5779131481,46211.6115974771,13.0336843289988,2,10,46204.5779131481,0,46204.5779131481,46205.6115974771,NaN,NaN,1.03368432899879,NaN,NaN
71,46203.6421367406,46217.0423155133,13.4001787727029,2,11,46209.6421367406,0,46209.6421367406,46211.0423155133,NaN,NaN,1.40017877270293,NaN,NaN
72,46208.8576580742,46222.2421370849,13.3844790106959,2,12,46214.8576580742,0,46214.8576580742,46216.2421370849,NaN,NaN,1.38447901069594,NaN,NaN
73,46214.1074688919,46227.6386556785,13.5311867865967,2,13,46220.1074688919,0,46220.1074688919,46221.6386556785,NaN,NaN,1.53118678659666,NaN,NaN
74,46219.4966675847,46232.9802750926,13.4836075079002,2,14,46225.4966675847,0,46225.4966675847,46226.9802750926,NaN,NaN,1.48360750790016,NaN,NaN
75,46224.9069659771,46238.2240960089,13.317130031799,2,15,46230.9069659771,0,46230.9069659771,46232.2240960089,NaN,NaN,1.31713003179902,NaN,NaN
76,46230.651229318,46244.0640078997,13.4127785817036,2,16,46236.651229318,0,46236.651229318,46238.0640078997,NaN,NaN,1.41277858170361,NaN,NaN
77,46235.9923187519,46249.3232285747,13.3309098227983,2,17,46241.9923187519,0,46241.9923187519,46243.3232285747,NaN,NaN,1.33090982279828,NaN,NaN
78,46241.045872541,46254.472350915,13.426478374,2,18,46247.045872541,0,46247.045872541,46248.472350915,NaN,NaN,1.426478374,NaN,NaN
79,46246.6959772861,46260.2261640879,13.5301868017996,2,19,46252.6959772861,0,46252.6959772861,46254.2261640879,NaN,NaN,1.53018680179957,NaN,NaN
80,46252.1862444933,46265.605682974,13.4194384806979,2,20,46258.1862444933,0,46258.1862444933,46259.605682974,NaN,NaN,1.41943848069786,NaN,NaN
81,46257.1382698061,46270.5186088796,13.3803390735047,2,21,46263.1382698061,0,46263.1382698061,46264.5186088796,NaN,NaN,1.38033907350473,NaN,NaN
82,46262.2974219517,46275.6366316488,13.3392096971002,2,22,46268.2974219517,0,46268.2974219517,46269.6366316488,NaN,NaN,1.33920969710016,NaN,NaN
83,46267.3806752906,46280.6898554429,13.3091801522969,2,23,46273.3806752906,0,46273.3806752906,46274.6898554429,NaN,NaN,1.3091801522969,NaN,NaN
84,46272.2066324953,46285.5640819158,13.3574494205022,2,24,46278.2066324953,0,46278.2066324953,46279.5640819158,NaN,NaN,1.35744942050223,NaN,NaN
85,46277.5759014902,46291.0243995304,13.4484980401976,2,25,46283.5759014902,0,46283.5759014902,46285.0243995304,NaN,NaN,1.44849804019759,NaN,NaN
86,46283.0665086689,46296.3845186874,13.3180100185054,2,26,46289.0665086689,0,46289.0665086689,46290.3845186874,NaN,NaN,1.31801001850545,NaN,NaN
87,46288.0811930435,46301.4555422078,13.3743491642963,2,27,46294.0811930435,0,46294.0811930435,46295.4555422078,NaN,NaN,1.37434916429629,NaN,NaN
88,46293.251035058,46306.5058660342,13.2548309761987,2,28,46299.251035058,0,46299.251035058,46300.5058660342,NaN,NaN,1.25483097619872,NaN,NaN
89,46298.6601734486,46312.2106799423,13.5505064936951,2,29,46304.6601734486,0,46304.6601734486,46306.2106799423,NaN,NaN,1.55050649369514,NaN,NaN
90,46303.9122742431,46317.3560023556,13.4437281124992,2,30,46309.9122742431,0,46309.9122742431,46311.3560023556,NaN,NaN,1.44372811249923,NaN,NaN
91,46309.1005359706,46322.4762251146,13.3756891439989,2,31,46315.1005359706,0,46315.1005359706,46316.4762251146,NaN,NaN,1.3756891439989,NaN,NaN
92,46314.1195002609,46327.4938494252,13.3743491642963,2,32,46320.1195002609,0,46320.1195002609,46321.4938494252,NaN,NaN,1.37434916429629,NaN,NaN
93,46319.157544258,46332.5209735878,13.3634293298019,2,33,46325.157544258,0,46325.157544258,46326.5209735878,NaN,NaN,1.36342932980187,NaN,NaN
94,46324.3268062852,46337.6091968437,13.2823905585028,2,34,46330.3268062852,0,46330.3268062852,46331.6091968437,NaN,NaN,1.28239055850281,NaN,NaN
95,46329.3026412332,46342.7271196375,13.424478404304,2,35,46335.3026412332,0,46335.3026412332,46336.7271196375,NaN,NaN,1.42447840430395,NaN,NaN
96,46334.5871515171,46348.110338425,13.5231869078998,2,36,46340.5871515171,0,46340.5871515171,46342.110338425,NaN,NaN,1.5231869078998,NaN,NaN
97,46339.7758632494,46353.0980632043,13.3221999548987,2,37,46345.7758632494,0,46345.7758632494,46347.0980632043,NaN,NaN,1.32219995489868,NaN,NaN
98,46344.9566750937,46358.3317842465,13.3751091527956,2,38,46350.9566750937,0,46350.9566750937,46352.3317842465,NaN,NaN,1.37510915279563,NaN,NaN
99,46349.9218202077,46363.3054092319,13.3835890241971,2,39,46355.9218202077,0,46355.9218202077,46357.3054092319,NaN,NaN,1.38358902419714,NaN,NaN
100,46355.2963391347,46368.7565269977,13.4601878629983,2,40,46361.2963391347,0,46361.2963391347,46362.7565269977,NaN,NaN,1.46018786299828,NaN,NaN
101,46360.7759264689,46374.2329443799,13.4570179110015,2,41,46366.7759264689,0,46366.7759264689,46368.2329443799,NaN,NaN,1.45701791100146,NaN,NaN
102,46365.8534198834,46379.1762698284,13.3228499449979,2,42,46371.8534198834,0,46371.8534198834,46373.1762698284,NaN,NaN,1.32284994499787,NaN,NaN
103,46370.9525729735,46384.4239906662,13.4714176926936,2,43,46376.9525729735,0,46376.9525729735,46378.4239906662,NaN,NaN,1.47141769269365,NaN,NaN
104,46376.0915154448,46389.6595116733,13.5679962284994,2,44,46382.0915154448,0,46382.0915154448,46383.6595116733,NaN,NaN,1.5679962284994,NaN,NaN
105,46381.238067824,46394.7197353613,13.4816675373004,2,45,46387.238067824,0,46387.238067824,46388.7197353613,NaN,NaN,1.48166753730038,NaN,NaN
106,46386.3307309931,46399.7271598227,13.3964288296047,2,46,46392.3307309931,0,46392.3307309931,46393.7271598227,NaN,NaN,1.3964288296047,NaN,NaN
107,46391.4481638061,46404.9201814897,13.4720176836054,2,47,46397.4481638061,0,46397.4481638061,46398.9201814897,NaN,NaN,1.47201768360537,NaN,NaN
108,46396.6929246925,46410.1454026724,13.4524779799031,2,48,46402.6929246925,0,46402.6929246925,46404.1454026724,NaN,NaN,1.45247797990305,NaN,NaN
109,46402.4623576635,46415.8465166791,13.3841590156007,2,49,46408.4623576635,0,46408.4623576635,46409.8465166791,NaN,NaN,1.38415901560074,NaN,NaN
110,46407.6601592619,46421.0725378496,13.4123785877018,2,50,46413.6601592619,0,46413.6601592619,46415.0725378496,NaN,NaN,1.41237858770182,NaN,NaN
111,46412.9815089872,46426.3285585654,13.3470495782021,2,51,46418.9815089872,0,46418.9815089872,46420.3285585654,NaN,NaN,1.34704957820213,NaN,NaN
112,46418.041212656,46431.3989820716,13.3577694156047,2,52,46424.041212656,0,46424.041212656,46425.3989820716,NaN,NaN,1.35776941560471,NaN,NaN
113,46423.3658123398,46436.7719010229,13.4060886830994,2,53,46429.3658123398,0,46429.3658123398,46430.7719010229,NaN,NaN,1.40608868309937,NaN,NaN
114,46428.8148701329,46442.2510183603,13.4361482274035,2,54,46434.8148701329,0,46434.8148701329,46436.2510183603,NaN,NaN,1.43614822740346,NaN,NaN
115,46434.0971804501,46447.4971392262,13.3999587760991,2,55,46440.0971804501,0,46440.0971804501,46441.4971392262,NaN,NaN,1.39995877609908,NaN,NaN
116,46439.2717024053,46452.7332602475,13.4615578422017,2,56,46445.2717024053,0,46445.2717024053,46446.7332602475,NaN,NaN,1.46155784220173,NaN,NaN
117,46444.5814423183,46458.0499800547,13.4685377364003,2,57,46450.5814423183,0,46450.5814423183,46452.0499800547,NaN,NaN,1.46853773640032,NaN,NaN
118,46449.7463544114,46463.175302748,13.428948336601,2,58,46455.7463544114,0,46455.7463544114,46457.175302748,NaN,NaN,1.42894833660102,NaN,NaN
119,46454.830727714,46468.3120252569,13.4812975429013,2,59,46460.830727714,0,46460.830727714,46462.3120252569,NaN,NaN,1.4812975429013,NaN,NaN
120,46460.0135395357,46473.3266496284,13.3131100926985,2,60,46466.0135395357,0,46466.0135395357,46467.3266496284,NaN,NaN,1.31311009269848,NaN,NaN
121,46465.3397091997,46478.77236748,13.4326582802969,2,61,46471.3397091997,0,46471.3397091997,46472.77236748,NaN,NaN,1.43265828029689,NaN,NaN
122,46470.834076302,46484.2333850879,13.399308785898,2,62,46476.834076302,0,46476.834076302,46478.2333850879,NaN,NaN,1.39930878589803,NaN,NaN
123,46476.184055605,46489.5925042523,13.4084486473002,2,63,46482.184055605,0,46482.184055605,46483.5925042523,NaN,NaN,1.40844864730025,NaN,NaN
124,46481.7138921695,46495.1820199121,13.4681277425989,2,64,46487.7138921695,0,46487.7138921695,46489.1820199121,NaN,NaN,1.46812774259888,NaN,NaN
125,46486.79120561,46500.22784383,13.4366382199951,2,65,46492.79120561,0,46492.79120561,46494.22784383,NaN,NaN,1.43663821999507,NaN,NaN
126,46492.4408003823,46505.8290593357,13.3882589534041,2,66,46498.4408003823,0,46498.4408003823,46499.8290593357,NaN,NaN,1.38825895340415,NaN,NaN
127,46497.8419589171,46511.4599743873,13.6180154701942,2,67,46503.8419589171,0,46503.8419589171,46505.4599743873,NaN,NaN,1.61801547019422,NaN,NaN
128,46505.0440002816,46518.4246693501,13.3806690684942,2,68,46511.0440002816,0,46511.0440002816,46512.4246693501,NaN,NaN,1.38066906849417,NaN,NaN
129,46510.0042554618,46523.433693791,13.4294383291999,2,69,46516.0042554618,0,46516.0042554618,46517.433693791,NaN,NaN,1.42943832919991,NaN,NaN
130,46515.3592246698,46528.7046142731,13.3453896032952,2,70,46521.3592246698,0,46521.3592246698,46522.7046142731,NaN,NaN,1.34538960329519,NaN,NaN
131,46520.3532693379,46533.7679378909,13.4146685529995,2,71,46526.3532693379,0,46526.3532693379,46527.7679378909,NaN,NaN,1.4146685529995,NaN,NaN
132,46525.3711936593,46538.6967635632,13.3255699039,2,72,46531.3711936593,0,46531.3711936593,46532.6967635632,NaN,NaN,1.32556990390003,NaN,NaN
133,46530.5024562433,46543.9681840222,13.4657277788938,2,73,46536.5024562433,0,46536.5024562433,46537.9681840222,NaN,NaN,1.46572777889378,NaN,NaN
134,46535.8349058197,46549.3387030215,13.5037972018035,2,74,46541.8349058197,0,46541.8349058197,46543.3387030215,NaN,NaN,1.50379720180354,NaN,NaN
135,46540.8354003822,46554.4860253581,13.6506249758968,2,75,46546.8354003822,0,46546.8354003822,46548.4860253581,NaN,NaN,1.65062497589679,NaN,NaN
136,46546.0999009733,46559.6835469646,13.5836459913044,2,76,46552.0999009733,0,46552.0999009733,46553.6835469646,NaN,NaN,1.58364599130437,NaN,NaN
137,46551.4620300843,46564.872368703,13.410338618698,2,77,46557.4620300843,0,46557.4620300843,46558.872368703,NaN,NaN,1.41033861869801,NaN,NaN
138,46556.4036755506,46569.6922960146,13.2886204639944,2,78,46562.4036755506,0,46562.4036755506,46563.6922960146,NaN,NaN,1.28862046399445,NaN,NaN
139,46561.3982802024,46574.9170171777,13.5187369753039,2,79,46567.3982802024,0,46567.3982802024,46568.9170171777,NaN,NaN,1.51873697530391,NaN,NaN
140,46566.4175244962,46579.8523427437,13.4348182475005,2,80,46572.4175244962,0,46572.4175244962,46573.8523427437,NaN,NaN,1.43481824750052,NaN,NaN
141,46571.6311958501,46585.1128633874,13.4816675373004,2,81,46577.6311958501,0,46577.6311958501,46579.1128633874,NaN,NaN,1.48166753730038,NaN,NaN
142,46576.9122761821,46590.2017866325,13.2895104503987,2,82,46582.9122761821,0,46582.9122761821,46584.2017866325,NaN,NaN,1.28951045039867,NaN,NaN
143,46581.8801112436,46595.168311714,13.2882004704006,2,83,46587.8801112436,0,46587.8801112436,46589.168311714,NaN,NaN,1.28820047040062,NaN,NaN
144,46587.3482587512,46600.7028282154,13.3545694642016,2,84,46593.3482587512,0,46593.3482587512,46594.7028282154,NaN,NaN,1.35456946420163,NaN,NaN
145,46592.5841297685,46606.0016482784,13.4175185099011,2,85,46598.5841297685,0,46598.5841297685,46600.0016482784,NaN,NaN,1.41751850990113,NaN,NaN
146,46597.5696245857,46610.9759732648,13.4063486790983,2,86,46603.5696245857,0,46603.5696245857,46604.9759732648,NaN,NaN,1.4063486790983,NaN,NaN
147,46602.8580148067,46616.3475922241,13.4895774174001,2,87,46608.8580148067,0,46608.8580148067,46610.3475922241,NaN,NaN,1.48957741740014,NaN,NaN
148,46608.4004411922,46621.7641105184,13.3636693262015,2,88,46614.4004411922,0,46614.4004411922,46615.7641105184,NaN,NaN,1.36366932620149,NaN,NaN
149,46613.8915883472,46627.1996285167,13.308040169497,2,89,46619.8915883472,0,46619.8915883472,46621.1996285167,NaN,NaN,1.30804016949696,NaN,NaN
150,46618.8623133881,46632.246452404,13.3841390158996,2,90,46624.8623133881,0,46624.8623133881,46626.246452404,NaN,NaN,1.38413901589956,NaN,NaN
151,46623.8651979338,46637.2408770779,13.3756791440974,2,91,46629.8651979338,0,46629.8651979338,46631.2408770779,NaN,NaN,1.37567914409738,NaN,NaN
152,46628.9022819532,46642.2054021974,13.3031202442071,2,92,46634.9022819532,0,46634.9022819532,46636.2054021974,NaN,NaN,1.30312024420709,NaN,NaN
153,46634.0479943219,46647.4387232378,13.390728915896,2,93,46640.0479943219,0,46640.0479943219,46641.4387232378,NaN,NaN,1.39072891589603,NaN,NaN
154,46638.8570617943,46652.222151099,13.3650893047015,2,94,46644.8570617943,0,46644.8570617943,46646.222151099,NaN,NaN,1.36508930470154,NaN,NaN
155,46643.5247113835,46657.0267786115,13.5020672280007,2,95,46649.5247113835,0,46649.5247113835,46651.0267786115,NaN,NaN,1.50206722800067,NaN,NaN
156,46648.4428371987,46661.7972066658,13.3543694670952,2,96,46654.4428371987,0,46654.4428371987,46655.7972066658,NaN,NaN,1.35436946709524,NaN,NaN
157,46653.5566200398,46666.9298292213,13.3732091814963,2,97,46659.5566200398,0,46659.5566200398,46660.9298292213,NaN,NaN,1.37320918149635,NaN,NaN
158,46658.6652029791,46672.1319507426,13.4667477635012,2,98,46664.6652029791,0,46664.6652029791,46666.1319507426,NaN,NaN,1.46674776350119,NaN,NaN
159,46663.7520762631,46677.1936744079,13.4415981447964,2,99,46669.7520762631,0,46669.7520762631,46671.1936744079,NaN,NaN,1.44159814479644,NaN,NaN
160,46668.9711775425,46682.4160956369,13.4449180943993,2,100,46674.9711775425,0,46674.9711775425,46676.4160956369,NaN,NaN,1.44491809439933,NaN,NaN
161,46674.1535693589,46687.6816161931,13.5280468341953,2,101,46680.1535693589,0,46680.1535693589,46681.6816161931,NaN,NaN,1.52804683419527,NaN,NaN
162,46679.2476825177,46692.6790408177,13.4313582999966,2,102,46685.2476825177,0,46685.2476825177,46686.6790408177,NaN,NaN,1.43135829999665,NaN,NaN
163,46684.2664468187,46697.5839668445,13.3175200257974,2,103,46690.2664468187,0,46690.2664468187,46691.5839668445,NaN,NaN,1.31752002579742,NaN,NaN
164,46689.1887825584,46702.614890938,13.4261083796009,2,104,46695.1887825584,0,46695.1887825584,46696.614890938,NaN,NaN,1.42610837960092,NaN,NaN
165,46694.2873656416,46707.7249138478,13.4375482062023,2,105,46700.2873656416,0,46700.2873656416,46701.7249138478,NaN,NaN,1.43754820620234,NaN,NaN
166,46699.2182612787,46712.5937404258,13.3754791471001,2,106,46705.2182612787,0,46705.2182612787,46706.5937404258,NaN,NaN,1.37547914710012,NaN,NaN
167,46704.2142459096,46717.4855666358,13.2713207261986,2,107,46710.2142459096,0,46710.2142459096,46711.4855666358,NaN,NaN,1.27132072619861,NaN,NaN
168,46709.0098135711,46722.2471948118,13.2373812407022,2,108,46715.0098135711,0,46715.0098135711,46716.2471948118,NaN,NaN,1.23738124070223,NaN,NaN
169,46714.0379277265,46727.3222182562,13.2842905297002,2,109,46720.0379277265,0,46720.0379277265,46721.3222182562,NaN,NaN,1.28429052970023,NaN,NaN
170,46718.9884130433,46732.44374098,13.4553279367028,2,110,46724.9884130433,0,46724.9884130433,46726.44374098,NaN,NaN,1.45532793670282,NaN,NaN
171,46724.3226525771,46737.7827604413,13.4601078642008,2,111,46730.3226525771,0,46730.3226525771,46731.7827604413,NaN,NaN,1.46010786420084,NaN,NaN
172,46729.1974690527,46742.6583869046,13.4609178519022,2,112,46735.1974690527,0,46735.1974690527,46736.6583869046,NaN,NaN,1.4609178519022,NaN,NaN
173,46734.2567227322,46747.5701128206,13.3133900883986,2,113,46740.2567227322,0,46740.2567227322,46741.5701128206,NaN,NaN,1.31339008839859,NaN,NaN
174,46739.3186763901,46752.7015354253,13.3828590351986,2,114,46745.3186763901,0,46745.3186763901,46746.7015354253,NaN,NaN,1.38285903519863,NaN,NaN
175,46744.3312107856,46757.8035584641,13.472347678493,2,115,46750.3312107856,0,46750.3312107856,46751.8035584641,NaN,NaN,1.47234767849295,NaN,NaN
176,46749.5019327597,46762.8204827699,13.3185500102045,2,116,46755.5019327597,0,46755.5019327597,46756.8204827699,NaN,NaN,1.31855001020449,NaN,NaN
177,46754.339149813,46767.7452084966,13.4060586835985,2,117,46760.339149813,0,46760.339149813,46761.7452084966,NaN,NaN,1.40605868359853,NaN,NaN
178,46759.3280245517,46772.7675327282,13.439508176496,2,118,46765.3280245517,0,46765.3280245517,46766.7675327282,NaN,NaN,1.43950817649602,NaN,NaN
179,46764.2868797532,46777.7340578134,13.4471780602034,2,119,46770.2868797532,0,46770.2868797532,46771.7340578134,NaN,NaN,1.44717806020344,NaN,NaN
180,46769.3061440351,46782.6166841667,13.3105401315988,2,120,46775.3061440351,0,46775.3061440351,46776.6166841667,NaN,NaN,1.31054013159883,NaN,NaN
181,47395.8954446357,47409.5517632468,13.6563186111016,3,1,47401.8954446357,0,47401.8954446357,47403.5517632468,NaN,NaN,1.6563186111016,NaN,NaN
182,47401.2329914606,47414.8171310038,13.5841395431999,3,2,47407.2329914606,0,47407.2329914606,47408.8171310038,NaN,NaN,1.58413954319985,NaN,NaN
183,47406.366417706,47419.901627881,13.5352101750032,3,3,47412.366417706,0,47412.366417706,47413.901627881,NaN,NaN,1.53521017500316,NaN,NaN
184,47411.6571867967,47425.0709885395,13.4138017427977,3,4,47417.6571867967,0,47417.6571867967,47419.0709885395,NaN,NaN,1.41380174279766,NaN,NaN
185,47416.9911859289,47430.5004964384,13.5093105095002,3,5,47422.9911859289,0,47422.9911859289,47424.5004964384,NaN,NaN,1.50931050950021,NaN,NaN
186,47422.2331507727,47435.8268901919,13.5937394192006,3,6,47428.2331507727,0,47428.2331507727,47429.8268901919,NaN,NaN,1.59373941920057,NaN,NaN
187,47427.5960663161,47441.2659247524,13.6698584362966,3,7,47433.5960663161,0,47433.5960663161,47435.2659247524,NaN,NaN,1.66985843629664,NaN,NaN
188,47432.850073266,47446.4110631081,13.5609898420953,3,8,47438.850073266,0,47438.850073266,47440.4110631081,NaN,NaN,1.5609898420953,NaN,NaN
189,47439.7915760543,47453.2889267182,13.4973506639071,3,9,47445.7915760543,0,47445.7915760543,47447.2889267182,NaN,NaN,1.49735066390713,NaN,NaN
190,47445.3729629457,47458.870663605,13.4977006592962,3,10,47451.3729629457,0,47451.3729629457,47452.870663605,NaN,NaN,1.49770065929624,NaN,NaN
191,47454.4497799587,47468.0086498282,13.5588698695065,3,11,47460.4497799587,0,47460.4497799587,47462.0086498282,NaN,NaN,1.55886986950645,NaN,NaN
192,47460.7783687544,47474.3360586391,13.5576898846994,3,12,47466.7783687544,0,47466.7783687544,47468.3360586391,NaN,NaN,1.55768988469936,NaN,NaN
193,47465.8732313288,47479.4811505649,13.6079192360994,3,13,47471.8732313288,0,47471.8732313288,47473.4811505649,NaN,NaN,1.60791923609941,NaN,NaN
194,47471.2526289209,47484.7134300568,13.4608011359014,3,14,47477.2526289209,0,47477.2526289209,47478.7134300568,NaN,NaN,1.46080113590142,NaN,NaN
195,47476.1554017142,47489.5863832352,13.4309815209999,3,15,47482.1554017142,0,47482.1554017142,47483.5863832352,NaN,NaN,1.43098152099992,NaN,NaN
196,47481.418215335,47494.7489481505,13.3307328155061,3,16,47487.418215335,0,47487.418215335,47488.7489481505,NaN,NaN,1.33073281550605,NaN,NaN
197,47487.0862878916,47500.5614088426,13.4751209509996,3,17,47493.0862878916,0,47493.0862878916,47494.5614088426,NaN,NaN,1.47512095099955,NaN,NaN
198,47492.3448257366,47505.8920757562,13.5472500195974,3,18,47498.3448257366,0,47498.3448257366,47499.8920757562,NaN,NaN,1.54725001959741,NaN,NaN
199,47497.7555106632,47511.1601125249,13.4046018617009,3,19,47503.7555106632,0,47503.7555106632,47505.1601125249,NaN,NaN,1.40460186170094,NaN,NaN
200,47503.0741045175,47516.6333043827,13.5591998652017,3,20,47509.0741045175,0,47509.0741045175,47510.6333043827,NaN,NaN,1.55919986520166,NaN,NaN
201,47508.3306514345,47521.8916412766,13.5609898420953,3,21,47514.3306514345,0,47514.3306514345,47515.8916412766,NaN,NaN,1.5609898420953,NaN,NaN
202,47513.5612009489,47527.1312206744,13.5700197254992,3,22,47519.5612009489,0,47519.5612009489,47521.1312206744,NaN,NaN,1.57001972549915,NaN,NaN
203,47518.6289383967,47532.1106992619,13.4817608652011,3,23,47524.6289383967,0,47524.6289383967,47526.1106992619,NaN,NaN,1.48176086520107,NaN,NaN
204,47524.0276244319,47537.6833630505,13.6557386185959,3,24,47530.0276244319,0,47530.0276244319,47531.6833630505,NaN,NaN,1.65573861859593,NaN,NaN
205,47529.4139774111,47542.8977582502,13.4837808390948,3,25,47535.4139774111,0,47535.4139774111,47536.8977582502,NaN,NaN,1.48378083909483,NaN,NaN
206,47534.6932140352,47548.221394301,13.5281802657992,3,26,47540.6932140352,0,47540.6932140352,47542.221394301,NaN,NaN,1.52818026579916,NaN,NaN
207,47540.0700771369,47553.6393868716,13.5693097346957,3,27,47546.0700771369,0,47546.0700771369,47547.6393868716,NaN,NaN,1.56930973469571,NaN,NaN
208,47545.4720544376,47558.982064938,13.5100105003949,3,28,47551.4720544376,0,47551.4720544376,47552.982064938,NaN,NaN,1.51001050039486,NaN,NaN
209,47550.6923718225,47564.261301562,13.5689297395002,3,29,47556.6923718225,0,47556.6923718225,47558.261301562,NaN,NaN,1.56892973950016,NaN,NaN
210,47556.0568428227,47569.6091527768,13.5523099541024,3,30,47562.0568428227,0,47562.0568428227,47563.6091527768,NaN,NaN,1.55230995410238,NaN,NaN
211,47561.5780150147,47575.0605758696,13.4825608548999,3,31,47567.5780150147,0,47567.5780150147,47569.0605758696,NaN,NaN,1.48256085489993,NaN,NaN
212,47566.9248207662,47580.5756094486,13.6507886823965,3,32,47572.9248207662,0,47572.9248207662,47574.5756094486,NaN,NaN,1.65078868239652,NaN,NaN
213,47572.3586999163,47585.7734316471,13.4147317308016,3,33,47578.3586999163,0,47578.3586999163,47579.7734316471,NaN,NaN,1.41473173080158,NaN,NaN
214,47578.5969544018,47591.9692266809,13.372272279099,3,34,47584.5969544018,0,47584.5969544018,47585.9692266809,NaN,NaN,1.37227227909898,NaN,NaN
215,47583.9067174162,47597.4607873477,13.5540699315025,3,35,47589.9067174162,0,47589.9067174162,47591.4607873477,NaN,NaN,1.55406993150245,NaN,NaN
216,47589.4735012809,47602.8158539463,13.3423526653933,3,36,47595.4735012809,0,47595.4735012809,47596.8158539463,NaN,NaN,1.34235266539326,NaN,NaN
217,47594.8009927586,47608.3616026056,13.5606098469943,3,37,47600.8009927586,0,47600.8009927586,47602.3616026056,NaN,NaN,1.56060984699434,NaN,NaN
218,47600.3454769111,47613.8909669534,13.5454900422992,3,38,47606.3454769111,0,47606.3454769111,47607.8909669534,NaN,NaN,1.54549004229921,NaN,NaN
219,47605.7571073023,47619.2897175109,13.5326102086037,3,39,47611.7571073023,0,47611.7571073023,47613.2897175109,NaN,NaN,1.53261020860373,NaN,NaN
220,47611.2300723785,47624.8679812273,13.6379088487956,3,40,47617.2300723785,0,47617.2300723785,47618.8679812273,NaN,NaN,1.63790884879563,NaN,NaN
221,47616.6380150789,47630.0971762359,13.4591611569995,3,41,47622.6380150789,0,47622.6380150789,47624.0971762359,NaN,NaN,1.45916115699947,NaN,NaN
222,47621.8953797238,47635.4020702671,13.5066905432977,3,42,47627.8953797238,0,47627.8953797238,47629.4020702671,NaN,NaN,1.50669054329774,NaN,NaN
223,47627.1312891689,47640.6404496803,13.5091605113994,3,43,47633.1312891689,0,47633.1312891689,47634.6404496803,NaN,NaN,1.50916051139939,NaN,NaN
224,47632.3376689953,47645.897528852,13.5598598567012,3,44,47638.3376689953,0,47638.3376689953,47639.897528852,NaN,NaN,1.55985985670122,NaN,NaN
225,47637.6852392601,47651.1788499723,13.4936107121976,3,45,47643.6852392601,0,47643.6852392601,47645.1788499723,NaN,NaN,1.49361071219755,NaN,NaN
226,47642.9873233275,47656.4738441312,13.4865208037008,3,46,47648.9873233275,0,47648.9873233275,47650.4738441312,NaN,NaN,1.48652080370084,NaN,NaN
227,47648.3748040306,47661.9000943337,13.5252903030996,3,47,47654.3748040306,0,47654.3748040306,47655.9000943337,NaN,NaN,1.52529030309961,NaN,NaN
228,47654.1368272815,47667.688417245,13.5515899634993,3,48,47660.1368272815,0,47660.1368272815,47661.688417245,NaN,NaN,1.55158996349928,NaN,NaN
229,47661.065047026,47674.5568077621,13.4917607360985,3,49,47667.065047026,0,47667.065047026,47668.5568077621,NaN,NaN,1.49176073609851,NaN,NaN
230,47667.6786685717,47681.2623581206,13.5836895488974,3,50,47673.6786685717,0,47673.6786685717,47675.2623581206,NaN,NaN,1.58368954889738,NaN,NaN
231,47672.9361445229,47686.330566516,13.3944219931,3,51,47678.9361445229,0,47678.9361445229,47680.330566516,NaN,NaN,1.39442199309997,NaN,NaN
232,47678.5053864482,47691.9811673906,13.4757809423973,3,52,47684.5053864482,0,47684.5053864482,47685.9811673906,NaN,NaN,1.47578094239725,NaN,NaN
233,47684.5194332291,47697.8291163165,13.3096830873983,3,53,47690.5194332291,0,47690.5194332291,47691.8291163165,NaN,NaN,1.3096830873983,NaN,NaN
234,47689.4118158027,47702.7432886086,13.3314728059049,3,54,47695.4118158027,0,47695.4118158027,47696.7432886086,NaN,NaN,1.33147280590492,NaN,NaN
235,47694.5267835942,47707.8978958883,13.3711122941022,3,55,47700.5267835942,0,47700.5267835942,47701.8978958883,NaN,NaN,1.3711122941022,NaN,NaN
236,47699.8518596263,47713.2713312959,13.4194716696002,3,56,47705.8518596263,0,47705.8518596263,47707.2713312959,NaN,NaN,1.41947166960017,NaN,NaN
237,47704.8511411734,47718.3217821822,13.4706410088038,3,57,47710.8511411734,0,47710.8511411734,47712.3217821822,NaN,NaN,1.4706410088038,NaN,NaN
238,47710.0446456893,47723.4692472926,13.4246016033067,3,58,47716.0446456893,0,47716.0446456893,47717.4692472926,NaN,NaN,1.42460160330666,NaN,NaN
239,47715.0698301171,47728.6296699741,13.559839857,3,59,47721.0698301171,0,47721.0698301171,47722.6296699741,NaN,NaN,1.55983985700004,NaN,NaN
240,47720.2026054171,47733.6379368819,13.4353314648033,3,60,47726.2026054171,0,47726.2026054171,47727.6379368819,NaN,NaN,1.43533146480331,NaN,NaN
241,47746.5805281735,47759.8810713789,13.3005432053978,3,61,47752.5805281735,0,47752.5805281735,47753.8810713789,NaN,NaN,1.30054320539784,NaN,NaN
242,47751.6050171335,47765.0528784365,13.4478613030005,3,62,47757.6050171335,0,47757.6050171335,47759.0528784365,NaN,NaN,1.44786130300054,NaN,NaN
243,47756.9710503751,47770.4360714565,13.4650210813998,3,63,47762.9710503751,0,47762.9710503751,47764.4360714565,NaN,NaN,1.46502108139975,NaN,NaN
244,47762.1326985176,47775.5334104295,13.4007119119051,3,64,47768.1326985176,0,47768.1326985176,47769.5334104295,NaN,NaN,1.40071191190509,NaN,NaN
245,47767.2779004418,47780.7070019871,13.4291015453055,3,65,47773.2779004418,0,47773.2779004418,47774.7070019871,NaN,NaN,1.42910154530546,NaN,NaN
246,47772.3371089535,47785.700211351,13.3631023975031,3,66,47778.3371089535,0,47778.3371089535,47779.700211351,NaN,NaN,1.3631023975031,NaN,NaN
247,47777.5323257088,47790.9362175796,13.4038918707956,3,67,47783.5323257088,0,47783.5323257088,47784.9362175796,NaN,NaN,1.40389187079563,NaN,NaN
248,47782.9191896352,47796.3868406826,13.4676510474019,3,68,47788.9191896352,0,47788.9191896352,47790.3868406826,NaN,NaN,1.46765104740189,NaN,NaN
249,47787.9486430541,47801.3045355448,13.3558924906974,3,69,47793.9486430541,0,47793.9486430541,47795.3045355448,NaN,NaN,1.35589249069744,NaN,NaN
250,47792.8692678785,47806.3378289142,13.4685610356973,3,70,47798.8692678785,0,47798.8692678785,47800.3378289142,NaN,NaN,1.46856103569735,NaN,NaN
251,47798.1948829499,47811.5482354733,13.3533525234016,3,71,47804.1948829499,0,47804.1948829499,47805.5482354733,NaN,NaN,1.35335252340155,NaN,NaN
252,47804.0041233294,47817.4246149858,13.4204916563976,3,72,47810.0041233294,0,47810.0041233294,47811.4246149858,NaN,NaN,1.42049165639764,NaN,NaN
253,47809.2286451831,47822.653436784,13.4247916008972,3,73,47815.2286451831,0,47815.2286451831,47816.653436784,NaN,NaN,1.42479160089715,NaN,NaN
254,47814.1008561095,47827.4515486673,13.3506925577967,3,74,47820.1008561095,0,47820.1008561095,47821.4515486673,NaN,NaN,1.35069255779672,NaN,NaN
255,47819.1045389076,47832.7667074431,13.6621685354985,3,75,47825.1045389076,0,47825.1045389076,47826.7667074431,NaN,NaN,1.66216853549849,NaN,NaN
256,47824.4697944208,47837.8631464277,13.3933520068967,3,76,47830.4697944208,0,47830.4697944208,47831.8631464277,NaN,NaN,1.39335200689675,NaN,NaN
257,47829.5921698552,47842.9886118222,13.396441967001,3,77,47835.5921698552,0,47835.5921698552,47836.9886118222,NaN,NaN,1.39644196700101,NaN,NaN
258,47835.112544319,47848.6567743776,13.5442300586001,3,78,47841.112544319,0,47841.112544319,47842.6567743776,NaN,NaN,1.54423005860008,NaN,NaN
259,47840.5714163619,47853.7776707848,13.2062544229047,3,79,47846.5714163619,0,47846.5714163619,47847.7776707848,NaN,NaN,1.20625442290475,NaN,NaN
260,47845.4014323562,47858.8721633639,13.4707310076992,3,80,47851.4014323562,0,47851.4014323562,47852.8721633639,NaN,NaN,1.47073100769921,NaN,NaN
261,47850.5076502608,47863.950771625,13.4431213642019,3,81,47856.5076502608,0,47856.5076502608,47857.950771625,NaN,NaN,1.44312136420194,NaN,NaN
262,47855.7090491978,47869.105321167,13.396271969199,3,82,47861.7090491978,0,47861.7090491978,47863.105321167,NaN,NaN,1.39627196919901,NaN,NaN
263,47861.3530984952,47874.8173295868,13.4642310915951,3,83,47867.3530984952,0,47867.3530984952,47868.8173295868,NaN,NaN,1.46423109159514,NaN,NaN
264,47866.2907930991,47879.7980236354,13.5072305362992,3,84,47872.2907930991,0,47872.2907930991,47873.7980236354,NaN,NaN,1.50723053629918,NaN,NaN
265,47871.2532519064,47884.6350040631,13.3817521567034,3,85,47877.2532519064,0,47877.2532519064,47878.6350040631,NaN,NaN,1.38175215670344,NaN,NaN
266,47876.3349069128,47889.7554385687,13.4205316559019,3,86,47882.3349069128,0,47882.3349069128,47883.7554385687,NaN,NaN,1.42053165590187,NaN,NaN
267,47881.3800623906,47894.7412748125,13.3612124218998,3,87,47887.3800623906,0,47887.3800623906,47888.7412748125,NaN,NaN,1.36121242189984,NaN,NaN
268,47886.1722088741,47899.5139715472,13.3417626731025,3,88,47892.1722088741,0,47892.1722088741,47893.5139715472,NaN,NaN,1.34176267310249,NaN,NaN
269,47891.2424172437,47904.6501790645,13.4077618207957,3,89,47897.2424172437,0,47897.2424172437,47898.6501790645,NaN,NaN,1.40776182079571,NaN,NaN
270,47896.4050066819,47909.7253296318,13.3203229498977,3,90,47902.4050066819,0,47902.4050066819,47903.7253296318,NaN,NaN,1.32032294989767,NaN,NaN
271,47901.593244481,47914.9434670449,13.3502225638949,3,91,47907.593244481,0,47907.593244481,47908.9434670449,NaN,NaN,1.35022256389493,NaN,NaN
272,47906.8255117116,47920.2948027379,13.4692910263038,3,92,47912.8255117116,0,47912.8255117116,47914.2948027379,NaN,NaN,1.46929102630384,NaN,NaN
273,47911.856635109,47925.1783980404,13.3217629314022,3,93,47917.856635109,0,47917.856635109,47919.1783980404,NaN,NaN,1.32176293140219,NaN,NaN
274,47916.7968542035,47930.1730764316,13.3762222281002,3,94,47922.7968542035,0,47922.7968542035,47924.1730764316,NaN,NaN,1.37622222810023,NaN,NaN
275,47921.9050088677,47935.219111898,13.3141030302941,3,95,47927.9050088677,0,47927.9050088677,47929.219111898,NaN,NaN,1.31410303029406,NaN,NaN
276,47926.8957273101,47940.1559910356,13.260263725504,3,96,47932.8957273101,0,47932.8957273101,47934.1559910356,NaN,NaN,1.26026372550405,NaN,NaN
277,47931.6961436867,47944.9535874486,13.2574437619041,3,97,47937.6961436867,0,47937.6961436867,47938.9535874486,NaN,NaN,1.25744376190414,NaN,NaN
278,47936.2795441737,47949.8507938833,13.5712497095956,3,98,47942.2795441737,0,47942.2795441737,47943.8507938833,NaN,NaN,1.57124970959558,NaN,NaN
279,47941.3167274928,47954.7784886163,13.4617611235008,3,99,47947.3167274928,0,47947.3167274928,47948.7784886163,NaN,NaN,1.46176112350076,NaN,NaN
280,47946.2668641976,47959.7421251467,13.4752609491043,3,100,47952.2668641976,0,47952.2668641976,47953.7421251467,NaN,NaN,1.47526094910427,NaN,NaN
281,47951.546395341,47964.7711495251,13.2247541840989,3,101,47957.546395341,0,47957.546395341,47958.7711495251,NaN,NaN,1.22475418409886,NaN,NaN
282,47956.6041661327,47970.1342963733,13.5301302405933,3,102,47962.6041661327,0,47962.6041661327,47964.1342963733,NaN,NaN,1.53013024059328,NaN,NaN
283,47962.2045240869,47975.4429480944,13.2384240075044,3,103,47968.2045240869,0,47968.2045240869,47969.4429480944,NaN,NaN,1.23842400750436,NaN,NaN
284,47967.329178184,47980.7524998039,13.4233216198991,3,104,47973.329178184,0,47973.329178184,47974.7524998039,NaN,NaN,1.42332161989907,NaN,NaN
285,47972.7808503197,47986.1124931235,13.3316428038015,3,105,47978.7808503197,0,47978.7808503197,47980.1124931235,NaN,NaN,1.33164280380151,NaN,NaN
286,47977.7165326881,47991.073645163,13.3571124748996,3,106,47983.7165326881,0,47983.7165326881,47985.073645163,NaN,NaN,1.35711247489962,NaN,NaN
287,47982.82641733,47996.2977783295,13.4713609995015,3,107,47988.82641733,0,47988.82641733,47990.2977783295,NaN,NaN,1.47136099950148,NaN,NaN
288,47987.7134225884,48001.0947747503,13.3813521619013,3,108,47993.7134225884,0,47993.7134225884,47995.0947747503,NaN,NaN,1.3813521619013,NaN,NaN
289,47992.735528364,48006.1811096964,13.4455813324021,3,109,47998.735528364,0,47998.735528364,48000.1811096964,NaN,NaN,1.44558133240207,NaN,NaN
290,47997.9986151965,48011.3914472101,13.3928320136038,3,110,48003.9986151965,0,48003.9986151965,48005.3914472101,NaN,NaN,1.39283201360377,NaN,NaN
291,48003.1643178098,48016.5464699613,13.3821521514983,3,111,48009.1643178098,0,48009.1643178098,48010.5464699613,NaN,NaN,1.3821521514983,NaN,NaN
292,48008.1406619146,48021.5172641378,13.3766022232012,3,112,48014.1406619146,0,48014.1406619146,48015.5172641378,NaN,NaN,1.37660222320119,NaN,NaN
293,48012.9543049051,48026.3615867322,13.4072818271015,3,113,48018.9543049051,0,48018.9543049051,48020.3615867322,NaN,NaN,1.40728182710154,NaN,NaN
294,48018.1623682792,48031.5260206696,13.3636523903988,3,114,48024.1623682792,0,48024.1623682792,48025.5260206696,NaN,NaN,1.36365239039878,NaN,NaN
295,48022.9566869962,48036.24806032,13.291373323802,3,115,48028.9566869962,0,48028.9566869962,48030.24806032,NaN,NaN,1.29137332380196,NaN,NaN
296,48028.3883584365,48041.8325197872,13.4441613507006,3,116,48034.3883584365,0,48034.3883584365,48035.8325197872,NaN,NaN,1.4441613507006,NaN,NaN
297,48033.6135967116,48047.0778878024,13.4642910908005,3,117,48039.6135967116,0,48039.6135967116,48041.0778878024,NaN,NaN,1.46429109080054,NaN,NaN
298,48038.8053444654,48052.1943265287,13.3889820632976,3,118,48044.8053444654,0,48044.8053444654,48046.1943265287,NaN,NaN,1.38898206329759,NaN,NaN
299,48044.2150916657,48057.6165035685,13.4014119027997,3,119,48050.2150916657,0,48050.2150916657,48051.6165035685,NaN,NaN,1.40141190279974,NaN,NaN
300,48049.5179434616,48062.9903544475,13.4724109859017,3,120,48055.5179434616,0,48055.5179434616,48056.9903544475,NaN,NaN,1.47241098590166,NaN,NaN
301,50250.6235960052,50264.2301851363,13.6065891311009,4,1,50256.6235960052,0,50256.6235960052,50258.2301851363,NaN,NaN,1.60658913110092,NaN,NaN
302,50256.0259521497,50269.6383412054,13.6123890556992,4,2,50262.0259521497,0,50262.0259521497,50263.6383412054,NaN,NaN,1.61238905569917,NaN,NaN
303,50261.3832475471,50274.7741794794,13.3909319322993,4,3,50267.3832475471,0,50267.3832475471,50268.7741794794,NaN,NaN,1.39093193229928,NaN,NaN
304,50266.3972507383,50279.9370407371,13.539789998802,4,4,50272.3972507383,0,50272.3972507383,50273.9370407371,NaN,NaN,1.53978999880201,NaN,NaN
305,50271.7757188603,50285.4662569009,13.6905380406024,4,5,50277.7757188603,0,50277.7757188603,50279.4662569009,NaN,NaN,1.69053804060241,NaN,NaN
306,50277.1402458311,50290.6031568285,13.4629109974048,4,6,50283.1402458311,0,50283.1402458311,50284.6031568285,NaN,NaN,1.46291099740483,NaN,NaN
307,50282.2948355288,50295.8139557961,13.5191202672941,4,7,50288.2948355288,0,50288.2948355288,50289.8139557961,NaN,NaN,1.51912026729406,NaN,NaN
308,50287.6099791403,50301.0586203231,13.4486411827966,4,8,50293.6099791403,0,50293.6099791403,50295.0586203231,NaN,NaN,1.44864118279656,NaN,NaN
309,50292.7936561267,50306.2820467932,13.4883906665054,4,9,50298.7936561267,0,50298.7936561267,50300.2820467932,NaN,NaN,1.48839066650544,NaN,NaN
310,50298.4967783644,50311.8590006697,13.3622223052953,4,10,50304.4967783644,0,50304.4967783644,50305.8590006697,NaN,NaN,1.36222230529529,NaN,NaN
311,50303.7161072211,50317.3176964172,13.6015891960997,4,11,50309.7161072211,0,50309.7161072211,50311.3176964172,NaN,NaN,1.60158919609967,NaN,NaN
312,50309.1251042804,50322.5631056014,13.438001321003,4,12,50315.1251042804,0,50315.1251042804,50316.5631056014,NaN,NaN,1.43800132100296,NaN,NaN
313,50314.2612318846,50327.62883412,13.3676022353975,4,13,50320.2612318846,0,50320.2612318846,50321.62883412,NaN,NaN,1.3676022353975,NaN,NaN
314,50319.6056634483,50333.0739343761,13.4682709277986,4,14,50325.6056634483,0,50325.6056634483,50327.0739343761,NaN,NaN,1.46827092779859,NaN,NaN
315,50324.8295515797,50338.259523005,13.4299714252993,4,15,50330.8295515797,0,50330.8295515797,50332.259523005,NaN,NaN,1.4299714252993,NaN,NaN
316,50329.8180404355,50343.3588404212,13.540799985698,4,16,50335.8180404355,0,50335.8180404355,50337.3588404212,NaN,NaN,1.54079998569796,NaN,NaN
317,50334.9939275232,50348.358269801,13.3643422777968,4,17,50340.9939275232,0,50340.9939275232,50342.358269801,NaN,NaN,1.36434227779682,NaN,NaN
318,50339.9880593052,50353.4205706975,13.4325113922969,4,18,50345.9880593052,0,50345.9880593052,50347.4205706975,NaN,NaN,1.43251139229687,NaN,NaN
319,50345.2219956389,50358.6620969325,13.4401012935996,4,19,50351.2219956389,0,50351.2219956389,50352.6620969325,NaN,NaN,1.44010129359958,NaN,NaN
320,50350.4297099796,50363.8563514481,13.4266414684971,4,20,50356.4297099796,0,50356.4297099796,50357.8563514481,NaN,NaN,1.42664146849711,NaN,NaN
321,50355.4375745829,50368.9584348276,13.5208602446946,4,21,50361.4375745829,0,50361.4375745829,50362.9584348276,NaN,NaN,1.52086024469463,NaN,NaN
322,50360.6317037671,50374.0450354085,13.4133316413936,4,22,50366.6317037671,0,50366.6317037671,50368.0450354085,NaN,NaN,1.4133316413936,NaN,NaN
323,50365.7479362965,50379.2352069775,13.4872706809983,4,23,50371.7479362965,0,50371.7479362965,50373.2352069775,NaN,NaN,1.48727068099834,NaN,NaN
324,50370.8807816098,50384.2660636156,13.3852820058019,4,24,50376.8807816098,0,50376.8807816098,50378.2660636156,NaN,NaN,1.38528200580186,NaN,NaN
325,50376.2544237952,50389.8332132874,13.5787894921959,4,25,50382.2544237952,0,50382.2544237952,50383.8332132874,NaN,NaN,1.57878949219594,NaN,NaN
326,50381.5752220002,50394.8720251553,13.296803155099,4,26,50387.5752220002,0,50387.5752220002,50388.8720251553,NaN,NaN,1.29680315509904,NaN,NaN
327,50386.7014850656,50400.2058055251,13.5043204594986,4,27,50392.7014850656,0,50392.7014850656,50394.2058055251,NaN,NaN,1.50432045949856,NaN,NaN
328,50391.89632724,50405.3590882394,13.4627609993986,4,28,50397.89632724,0,50397.89632724,50399.3590882394,NaN,NaN,1.4627609993986,NaN,NaN
329,50397.0695690291,50410.3994617543,13.3298927251963,4,29,50403.0695690291,0,50403.0695690291,50404.3994617543,NaN,NaN,1.32989272519626,NaN,NaN
330,50402.2717004428,50415.6849320855,13.4132316427058,4,30,50408.2717004428,0,50408.2717004428,50409.6849320855,NaN,NaN,1.4132316427058,NaN,NaN
331,50407.4948729154,50420.9929234564,13.4980505409985,4,31,50413.4948729154,0,50413.4948729154,50414.9929234564,NaN,NaN,1.49805054099852,NaN,NaN
332,50412.7834862053,50426.1353786448,13.351892439503,4,32,50418.7834862053,0,50418.7834862053,50420.1353786448,NaN,NaN,1.35189243950299,NaN,NaN
333,50417.8689914674,50431.1483248494,13.2793333819936,4,33,50423.8689914674,0,50423.8689914674,50425.1483248494,NaN,NaN,1.27933338199364,NaN,NaN
334,50422.7905465257,50436.2603974329,13.4698509072041,4,34,50428.7905465257,0,50428.7905465257,50430.2603974329,NaN,NaN,1.46985090720409,NaN,NaN
335,50427.9349386894,50441.350870297,13.4159316075966,4,35,50433.9349386894,0,50433.9349386894,50435.350870297,NaN,NaN,1.41593160759658,NaN,NaN
336,50432.9308804479,50446.3645718248,13.4336913769002,4,36,50438.9308804479,0,50438.9308804479,50440.3645718248,NaN,NaN,1.43369137690024,NaN,NaN
337,50438.0185063485,50451.4199281447,13.4014217962031,4,37,50444.0185063485,0,50444.0185063485,50445.4199281447,NaN,NaN,1.40142179620307,NaN,NaN
338,50443.276574036,50456.6280164814,13.3514424454042,4,38,50449.276574036,0,50449.276574036,50450.6280164814,NaN,NaN,1.35144244540425,NaN,NaN
339,50448.2732964506,50461.6831281375,13.4098316868985,4,39,50454.2732964506,0,50454.2732964506,50455.6831281375,NaN,NaN,1.40983168689854,NaN,NaN
340,50453.3934095959,50466.851410657,13.4580010611026,4,40,50459.3934095959,0,50459.3934095959,50460.851410657,NaN,NaN,1.45800106110255,NaN,NaN
341,50458.4521075396,50471.8723290915,13.4202215519035,4,41,50464.4521075396,0,50464.4521075396,50465.8723290915,NaN,NaN,1.42022155190352,NaN,NaN
342,50463.5257059559,50476.8682585167,13.3425525607963,4,42,50469.5257059559,0,50469.5257059559,50470.8682585167,NaN,NaN,1.34255256079632,NaN,NaN
343,50468.8214661534,50482.1793285154,13.3578623619978,4,43,50474.8214661534,0,50474.8214661534,50476.1793285154,NaN,NaN,1.35786236199783,NaN,NaN
344,50473.656312338,50487.189002429,13.5326900910004,4,44,50479.656312338,0,50479.656312338,50481.189002429,NaN,NaN,1.5326900910004,NaN,NaN
345,50478.8443562682,50492.2064485752,13.3620923069975,4,45,50484.8443562682,0,50484.8443562682,50486.2064485752,NaN,NaN,1.36209230699751,NaN,NaN
346,50483.8539478494,50497.353948365,13.5000005156035,4,46,50489.8539478494,0,50489.8539478494,50491.353948365,NaN,NaN,1.50000051560346,NaN,NaN
347,50489.0971593956,50502.5901300026,13.4929706070034,4,47,50495.0971593956,0,50495.0971593956,50496.5901300026,NaN,NaN,1.49297060700337,NaN,NaN
348,50494.1902798918,50507.5095327553,13.3192528634972,4,48,50500.1902798918,0,50500.1902798918,50501.5095327553,NaN,NaN,1.31925286349724,NaN,NaN
349,50499.1127396052,50512.5883504376,13.4756108324,4,49,50505.1127396052,0,50505.1127396052,50506.5883504376,NaN,NaN,1.47561083239998,NaN,NaN
350,50503.9349629541,50517.316545008,13.3815820538948,4,50,50509.9349629541,0,50509.9349629541,50511.316545008,NaN,NaN,1.38158205389482,NaN,NaN
351,50508.8362476096,50522.1320107782,13.2957631686004,4,51,50514.8362476096,0,50514.8362476096,50516.1320107782,NaN,NaN,1.29576316860039,NaN,NaN
352,50513.908354713,50527.3037165879,13.3953618749001,4,52,50519.908354713,0,50519.908354713,50521.3037165879,NaN,NaN,1.39536187490012,NaN,NaN
353,50518.95747178,50532.3234840361,13.3660122560977,4,53,50524.95747178,0,50524.95747178,50526.3234840361,NaN,NaN,1.36601225609775,NaN,NaN
354,50523.9071834729,50537.301675359,13.3944918861016,4,54,50529.9071834729,0,50529.9071834729,50531.301675359,NaN,NaN,1.3944918861016,NaN,NaN
355,50528.6291081247,50541.9935704009,13.3644622761931,4,55,50534.6291081247,0,50534.6291081247,50535.9935704009,NaN,NaN,1.36446227619308,NaN,NaN
356,50534.5830541045,50548.0709347775,13.4878806729976,4,56,50540.5830541045,0,50540.5830541045,50542.0709347775,NaN,NaN,1.48788067299756,NaN,NaN
357,50539.5829611447,50552.976593042,13.3936318973065,4,57,50545.5829611447,0,50545.5829611447,50546.976593042,NaN,NaN,1.39363189730648,NaN,NaN
358,50544.8219467466,50558.2301084551,13.408161708503,4,58,50550.8219467466,0,50550.8219467466,50552.2301084551,NaN,NaN,1.40816170850303,NaN,NaN
359,50549.89165288,50563.3763635942,13.484710714205,4,59,50555.89165288,0,50555.89165288,50557.3763635942,NaN,NaN,1.48471071420499,NaN,NaN
360,50554.9802164351,50568.2929493832,13.3127329480994,4,60,50560.9802164351,0,50560.9802164351,50562.2929493832,NaN,NaN,1.31273294809944,NaN,NaN
361,50559.8001521471,50573.1305148663,13.3303627191999,4,61,50565.8001521471,0,50565.8001521471,50567.1305148663,NaN,NaN,1.33036271919991,NaN,NaN
362,50564.761729019,50578.2072602421,13.4455312231003,4,62,50570.761729019,0,50570.761729019,50572.2072602421,NaN,NaN,1.44553122310026,NaN,NaN
363,50569.8238492518,50583.1395521613,13.3157029095019,4,63,50575.8238492518,0,50575.8238492518,50577.1395521613,NaN,NaN,1.31570290950185,NaN,NaN
364,50575.320262842,50588.6990849317,13.378822089704,4,64,50581.320262842,0,50581.320262842,50582.6990849317,NaN,NaN,1.37882208970404,NaN,NaN
365,50580.4384430128,50593.8919841319,13.4535411191027,4,65,50586.4384430128,0,50586.4384430128,50587.8919841319,NaN,NaN,1.45354111910274,NaN,NaN
366,50585.5662983909,50599.1014384501,13.5351400592044,4,66,50591.5662983909,0,50591.5662983909,50593.1014384501,NaN,NaN,1.53514005920442,NaN,NaN
367,50590.5997449953,50603.9588973405,13.3591523451978,4,67,50596.5997449953,0,50596.5997449953,50597.9588973405,NaN,NaN,1.3591523451978,NaN,NaN
368,50595.6268710158,50608.9963432269,13.3694722111031,4,68,50601.6268710158,0,50601.6268710158,50602.9963432269,NaN,NaN,1.36947221110313,NaN,NaN
369,50600.9418616295,50614.3549232745,13.4130616449984,4,69,50606.9418616295,0,50606.9418616295,50608.3549232745,NaN,NaN,1.41306164499838,NaN,NaN
370,50606.1367831369,50619.5928942226,13.456111085703,4,70,50612.1367831369,0,50612.1367831369,50613.5928942226,NaN,NaN,1.45611108570301,NaN,NaN
371,50611.1744966863,50624.5697685623,13.3952718760047,4,71,50617.1744966863,0,50617.1744966863,50618.5697685623,NaN,NaN,1.3952718760047,NaN,NaN
372,50615.9601465096,50629.4484271774,13.4882806677997,4,72,50621.9601465096,0,50621.9601465096,50623.4484271774,NaN,NaN,1.4882806677997,NaN,NaN
373,50621.3031430939,50634.6814151907,13.3782720968011,4,73,50627.3031430939,0,50627.3031430939,50628.6814151907,NaN,NaN,1.37827209680108,NaN,NaN
374,50626.6452140221,50639.9435071578,13.2982931356964,4,74,50632.6452140221,0,50632.6452140221,50633.9435071578,NaN,NaN,1.29829313569644,NaN,NaN
375,50632.5022252619,50645.8199081457,13.3176828837968,4,75,50638.5022252619,0,50638.5022252619,50639.8199081457,NaN,NaN,1.31768288379681,NaN,NaN
376,50638.4873565008,50651.9270977992,13.4397412983963,4,76,50644.4873565008,0,50644.4873565008,50645.9270977992,NaN,NaN,1.43974129839626,NaN,NaN
377,50643.6970731491,50657.1163247136,13.4192515644972,4,77,50649.6970731491,0,50649.6970731491,50651.1163247136,NaN,NaN,1.41925156449724,NaN,NaN
378,50649.2371608389,50662.5906032583,13.3534424194004,4,78,50655.2371608389,0,50655.2371608389,50656.5906032583,NaN,NaN,1.35344241940038,NaN,NaN
379,50658.5197239048,50671.8795562411,13.359832336304,4,79,50664.5197239048,0,50664.5197239048,50665.8795562411,NaN,NaN,1.35983233630395,NaN,NaN
380,50664.00244234,50677.3349350314,13.3324926913992,4,80,50670.00244234,0,50670.00244234,50671.3349350314,NaN,NaN,1.33249269139924,NaN,NaN
381,50669.2505668219,50682.6429987348,13.3924319129001,4,81,50675.2505668219,0,50675.2505668219,50676.6429987348,NaN,NaN,1.39243191290007,NaN,NaN
382,50674.6685860975,50687.9483794735,13.2797933760012,4,82,50680.6685860975,0,50680.6685860975,50681.9483794735,NaN,NaN,1.27979337600118,NaN,NaN
383,50679.7188201505,50693.246160311,13.5273401605009,4,83,50685.7188201505,0,50685.7188201505,50687.246160311,NaN,NaN,1.5273401605009,NaN,NaN
384,50685.0717539372,50698.4181364482,13.3463825110011,4,84,50691.0717539372,0,50691.0717539372,50692.4181364482,NaN,NaN,1.34638251100114,NaN,NaN
385,50690.5177045172,50703.8418773167,13.3241727994973,4,85,50696.5177045172,0,50696.5177045172,50697.8418773167,NaN,NaN,1.32417279949732,NaN,NaN
386,50695.4620346127,50708.9240056223,13.4619710096013,4,86,50701.4620346127,0,50701.4620346127,50702.9240056223,NaN,NaN,1.46197100960126,NaN,NaN
387,50700.6261441868,50714.0488057071,13.4226615203006,4,87,50706.6261441868,0,50706.6261441868,50708.0488057071,NaN,NaN,1.42266152030061,NaN,NaN
388,50705.8146364438,50719.2608876576,13.446251213798,4,88,50711.8146364438,0,50711.8146364438,50713.2608876576,NaN,NaN,1.44625121379795,NaN,NaN
389,50710.7356638424,50724.2386343194,13.5029704769986,4,89,50716.7356638424,0,50716.7356638424,50718.2386343194,NaN,NaN,1.5029704769986,NaN,NaN
390,50715.839604198,50729.3287348549,13.489130656897,4,90,50721.839604198,0,50721.839604198,50723.3287348549,NaN,NaN,1.48913065689703,NaN,NaN
391,50721.135185064,50734.6617152351,13.5265301711042,4,91,50727.135185064,0,50727.135185064,50728.6617152351,NaN,NaN,1.52653017110424,NaN,NaN
392,50726.2688027008,50739.7182438732,13.4494411724008,4,92,50732.2688027008,0,50732.2688027008,50733.7182438732,NaN,NaN,1.44944117240084,NaN,NaN
393,50731.5614312716,50745.0200523248,13.4586210531997,4,93,50737.5614312716,0,50737.5614312716,50739.0200523248,NaN,NaN,1.45862105319975,NaN,NaN
394,50736.7299737877,50750.1969347325,13.4669609448028,4,94,50742.7299737877,0,50742.7299737877,50744.1969347325,NaN,NaN,1.46696094480285,NaN,NaN
395,50741.9535102565,50755.4395609533,13.4860506968034,4,95,50747.9535102565,0,50747.9535102565,50749.4395609533,NaN,NaN,1.48605069680343,NaN,NaN
396,50747.1443994827,50760.551961199,13.4075617163035,4,96,50753.1443994827,0,50753.1443994827,50754.551961199,NaN,NaN,1.40756171630346,NaN,NaN
397,50752.4494455589,50765.7023992835,13.252953724601,4,97,50758.4494455589,0,50758.4494455589,50759.7023992835,NaN,NaN,1.25295372460096,NaN,NaN
398,50757.4120124178,50770.7831446073,13.3711321895025,4,98,50763.4120124178,0,50763.4120124178,50764.7831446073,NaN,NaN,1.37113218950253,NaN,NaN
399,50762.4772032769,50775.9281444297,13.4509411527979,4,99,50768.4772032769,0,50768.4772032769,50769.9281444297,NaN,NaN,1.4509411527979,NaN,NaN
400,50767.7420138764,50781.1147160455,13.3727021691011,4,100,50773.7420138764,0,50773.7420138764,50775.1147160455,NaN,NaN,1.3727021691011,NaN,NaN
401,50772.9066441099,50786.3621252038,13.4554810939007,4,101,50778.9066441099,0,50778.9066441099,50780.3621252038,NaN,NaN,1.45548109390074,NaN,NaN
402,50778.4869742767,50791.8655863691,13.3786120924051,4,102,50784.4869742767,0,50784.4869742767,50785.8655863691,NaN,NaN,1.37861209240509,NaN,NaN
403,50783.6531268238,50797.0446687483,13.391541924495,4,103,50789.6531268238,0,50789.6531268238,50791.0446687483,NaN,NaN,1.39154192449496,NaN,NaN
404,50788.9099805263,50802.4499205231,13.5399399967937,4,104,50794.9099805263,0,50794.9099805263,50796.4499205231,NaN,NaN,1.53993999679369,NaN,NaN
405,50794.3235435256,50807.7306952472,13.4071517215998,4,105,50800.3235435256,0,50800.3235435256,50801.7306952472,NaN,NaN,1.4071517215998,NaN,NaN
406,50799.4404413794,50812.8907225409,13.4502811615021,4,106,50805.4404413794,0,50805.4404413794,50806.8907225409,NaN,NaN,1.45028116150206,NaN,NaN
407,50804.9629592976,50818.3910007479,13.428041450301,4,107,50810.9629592976,0,50810.9629592976,50812.3910007479,NaN,NaN,1.42804145030095,NaN,NaN
408,50810.7416882196,50824.0807808254,13.3390926058055,4,108,50816.7416882196,0,50816.7416882196,50818.0807808254,NaN,NaN,1.33909260580549,NaN,NaN
409,50815.6841783389,50828.9736115897,13.2894332508004,4,109,50821.6841783389,0,50821.6841783389,50822.9736115897,NaN,NaN,1.28943325080036,NaN,NaN
410,50821.0942377179,50834.4599899774,13.3657522594949,4,110,50827.0942377179,0,50827.0942377179,50828.4599899774,NaN,NaN,1.36575225949491,NaN,NaN
411,50826.1777306727,50839.5327630713,13.3550323985983,4,111,50832.1777306727,0,50832.1777306727,50833.5327630713,NaN,NaN,1.35503239859827,NaN,NaN
412,50831.2261070831,50844.5575197886,13.3314127054982,4,112,50837.2261070831,0,50837.2261070831,50838.5575197886,NaN,NaN,1.33141270549822,NaN,NaN
413,50836.3476048773,50849.7007473006,13.3531424233006,4,113,50842.3476048773,0,50842.3476048773,50843.7007473006,NaN,NaN,1.3531424233006,NaN,NaN
414,50841.544185697,50854.9655072346,13.4213215376003,4,114,50847.544185697,0,50847.544185697,50848.9655072346,NaN,NaN,1.42132153760031,NaN,NaN
415,50846.6139171632,50859.9493198169,13.3354026536981,4,115,50852.6139171632,0,50852.6139171632,50853.9493198169,NaN,NaN,1.33540265369811,NaN,NaN
416,50851.5756133673,50864.9735552086,13.3979418413001,4,116,50857.5756133673,0,50857.5756133673,50858.9735552086,NaN,NaN,1.39794184130005,NaN,NaN
417,50856.6935812073,50870.0486836051,13.3551023977998,4,117,50862.6935812073,0,50862.6935812073,50864.0486836051,NaN,NaN,1.35510239779978,NaN,NaN
418,50861.6923952621,50875.1498563302,13.4574610681011,4,118,50867.6923952621,0,50867.6923952621,50869.1498563302,NaN,NaN,1.45746106810111,NaN,NaN
419,50866.6507298425,50880.1544303101,13.5037004676051,4,119,50872.6507298425,0,50872.6507298425,50874.1544303101,NaN,NaN,1.50370046760509,NaN,NaN
420,50871.8167840583,50885.1443768134,13.3275927551003,4,120,50877.8167840583,0,50877.8167840583,50879.1443768134,NaN,NaN,1.32759275510034,NaN,NaN
